985589003
935095190
997830792
916340257
998487099
925800023
888567232
926320459
982942942
982669251
936056210
995354314
924725834
926311735
917364907
930132764
989202723
822532152
977171962
988814415
932799650
988263486
926790137
816559472
960711033
919455144
930355496
935107989
916544472
934438450
936514545
920213561
935013623
933460371
931654004
834120852
914561302
977539366
990446539
922155399
999288448
988415677
993515159
935354293
914968283
890546242
899322932
921704593
925606235
891742622
896331922
913951867
928238407
916361750
946686166
924920963
922199477
928309371
927210657
980263681
929647785
931467425
935780462
992458062
991918019
935845432
827340162
941305989
988573949
999111173
928357007
983885748
817206662
933787141
991429999
928996239
929634691
930847097
989264087
934549392
933989208
916804261
930856916
927356783
916663242
923094377
815699912
887325022
987602945
958589174
929346769
924585463
991972889
912825124
932072602
923106308
936245064
986308970
914810795
928940837
983876943
990625204
924507527
998805112
933900843
919287535
927238357
931018361
938044775
917722897
929418247
921835876
922605963
971310502
920798446
813270862
932827646
932862689
934531930
912070875
919578378
929515293
920616887
916862261
926801473
988974188
936645410
924695013
912276600
918158936
935727634
932056046
919976659
920203930
934010639
980165493
919820101
920281486
922564183
991303626
991949666
917065101
927101327
999238602
936299989
913656636
934157761
927415119
835292002
935263956
967041610
993550116
989155911
936857744
925283339
935833175
928994058
922142955
825148442
989896091
936648800
943294712
934949706
936662528
976898850
935582423
929603672
970201157
984529295
989004670
987743468
826714352
920313361
990598835
935174856
921373554
986947116
930076309
917469032
931032445
935834325
935112303
982983908
833074822
980623149
934282973
917840822
922662193
918570799
933823369
911921340
948516810
930675431
925615765
948955628
927967855
921320817
934860926
929259114
935160936
918589600
935828872
990821178
933593843
916811136
927631881
934047575
992957077
882010872
980997146
991528008
831676752
925437158
991704523
967934895
920502490
911723344
929988396
989082388
912344126
996973166
934304454
921835647
926735799
922847894
924719788
934481070
998713501
911815575
931615815
935120004
922547165
832681172
935597447
976466748
922613095
816668352
989183869
923766545
927044668
983928234
998602181
984548745
919496401
931493841
832840572
817705642
927343037
930154962
930601594
912450287
936534112
994870920
912653277
914569389
924367555
999413706
932089343
926861735
823344112
936009883
963970935
982215617
982790409
915024165
930081779
971089989
970916636
931044419
913492986
936740901
827929182
879128552
927297809
928348695
932496089
988970042
915734448
916557159
912878716
917427046
981463862
998315417
913002458
894075562
930521302
966478071
936629830
992577126
935028000
984885520
927237539
914170125
922157235
933157253
988522651
911617706
989142585
935847591
920660673
987788224
998600421
971170344
991108971
928675998
919612096
990515433
914740762
915077773
992137851
913521080
988879479
912015076
926413848
927969106
995677164
920642675
830188932
994754602
986981659
812702432
937885377
917331936
918847464
929001745
925621919
833169602
971376368
932342596
889210362
932394685
922404550
993460095
919916354
989361430
816028612
917148627
920226299
926757253
927927500
994911422
924613351
934931084
915719007
983201725
994490478
926008439
922575452
932567318
989823264
922212813
931624563
912251888
929589637
921259654
989389173
985090629
918772693
924879602
914882036
989311514
997808029
952049070
931008161
889232552
825238662
823706782
818842422
933182258
866955492
971128399
934843800
930052531
924579889
991435220
935114462
933794083
923547592
924957670
998388759
990293988
977126231
970395822
988242144
976252128
987856440
986417729
998548012
930501263
931475622
931743058
990534748
989067028
988445177
929474759
933198332
992072415
915592163
975809153
936722709
924825669
911004925
933725464
925615579
932369214
960461827
933037274
918385053
932241242
982170931
990869189
921633785
935095476
998562406
923847049
998407257
919863609
933659429
913054911
828152602
912437604
926838601
920338313
917286817
930349585
835428362
926993429
934501535
933098257
992512075
892088802
950011904
928081346
824367922
930905631
921647107
989134914
830771832
918630058
891785542
934746716
928733068
983618596
888896902
889240172
925297526
916503393
931667750
965126945
933539431
930831522
932750627
997766431
817214142
830019952
979346050
928987361
936785913
812840622
919895705
922899924
992815337
980365271
995464438
947751824
892053642
925150266
988879428
839384262
924436808
935650097
920759297
921117809
918813136
985442096
919994770
986401598
928000036
996687708
914586054
924981253
913779452
918123741
936010466
912174050
924389257
930060658
886076622
917812489
929570618
932689758
922393265
931635794
935728118
927073242
925448249
928580121
931166107
925566713
928488985
821199832
933482081
819895252
925878979
934305396
926370774
829139642
935863058
931031333
915729010
992569077
917033714
919096241
867188592
928932176
931650289
977047587
985203288
912509613
971078758
920853439
822324282
999321399
929529227
913395379
917095493
926876082
987028408
911738414
998373034
930476269
931675982
998139392
997133951
934385888
921163274
919283386
941759610
915610285
983977979
921765118
929382315
925938041
998285194
998412986
921130155
987693029
914221072
971081325
821026792
931787985
986617582
933887588
836296222
833112112
925037621
919916729
923732365
924926732
915454917
832827592
952228609
929235606
916166397
933182142
927117118
990526095
929767144
997405714
911377012
928272133
982170559
935809207
975363090
912597814
924053003
923813772
952265334
917474583
933812707
950385529
984953267
923559957
925361461
930822442
826980052
931790994
912030938
918677216
893434682
989052012
923691731
935022770
827971332
927477327
919588470
970951423
997758501
922711992
918195394
979843445
916020805
989794418
986905685
926626280
971184523
989156780
834327082
988820989
916544219
925106674
922937117
997355377
989307436
918267166
916482426
824825432
917111065
927267543
915761585
888112812
913180984
989079999
933251691
916350228
980440451
926317571
936227503
911967863
931064665
923479422
934998898
989227734
925198730
991160981
921143230
993151343
927667592
921808518
927120844
936427537
916701632
997245237
913598814
920719554
988506532
929029984
979162634
922707596
917295344
927110326
990638160
922754365
961194725
913668634
996533751
944815325
986274693
935228204
917592691
829028832
931319825
927810255
925345334
988914908
918486844
915308775
923830979
929005147
912785874
998320569
989256467
914509556
927212064
817630812
921117817
998096405
884647762
967616818
991704558
912750132
989249703
925154695
926826166
936937993
929701577
918112189
930715832
932574241
917968101
988715069
999276423
995097346
993903752
926875493
912869210
816377102
984550316
933774155
917102988
931480936
930739324
921251068
979608861
914757363
991429573
935942403
980952827
930549959
947678809
957175708
930808040
997121341
920319033
933203441
816981522
918851682
915311806
985061750
917178860
997711750
991363823
928552462
932398222
990825971
993803308
917860122
926609416
934922824
919323000
989057995
933987574
832761672
832915432
932984822
921412517
993225754
825782702
918488588
920891438
931840444
930702579
989121596
923361189
931143859
974811871
930456632
917927502
926768026
830955712
983766528
997524306
983176135
925776041
923420282
988440914
916885946
930386995
918560971
988752967
981620550
930916803
923887873
924701196
920125980
989067192
932986868
937418906
925747971
921871813
930548537
923054162
885893872
914772826
935234298
979448759
934330145
975328503
992230436
995643200
991330259
830387102
976244273
861401812
920444040
980961729
925668508
995695111
825298142
928560562
927882817
989166999
920324258
920246516
930579459
989586432
933054438
989206893
827484202
925219754
935837286
944229264
915713769
919200057
936075207
932194198
950016418
997468422
928978680
821666422
931004328
919400404
928825566
989762737
922202443
987705493
917397341
918852662
979804385
935431689
855019892
989222899
992843292
935227976
830610782
976700457
913173333
927358298
889253002
919881151
934577485
934656830
826034122
982701570
933409333
976693132
917493480
927097206
930016322
821655552
927801760
922750688
998718120
987099011
922739587
920396046
916708912
931699113
928761959
992329432
982349362
928231356
997176472
833480332
925148385
823115512
932398621
920707661
917554579
986455213
930801968
928339319
920860605
936057985
987903953
921751486
980403963
919077034
916070276
919224088
935856175
992102292
912087999
916554133
961783356
912410943
929592719
921645198
995899728
833224972
920576338
889556692
950704381
934539729
989048694
919438665
913187318
987570067
920951295
995358980
927434067
922297738
936863590
948543303
991443320
916774915
818751362
916991452
984500475
920510132
913419936
948189879
967447501
920440401
836071042
915537758
926578286
935012031
980527476
933991164
927892359
927629771
919284609
981213653
999594166
930641618
890530982
921790090
943088136
960685075
833309382
916835078
920741835
980649369
934474856
926627422
953264560
930016098
915746950
941561071
925341606
852881372
939250271
930463043
830375562
821697522
916497083
971163348
989930575
929430778
934810740
913547454
997813375
918508430
928892581
987687673
931883852
993400033
913917871
993156590
931319671
929093046
916050852
944862927
928032280
995929392
991303715
924716568
922646694
927619040
921829841
922698864
935554144
931641204
913698827
988797065
930519456
936655688
936213871
915314430
921464177
936200028
929383818
815548442
889028092
936285589
915870996
923716831
977140013
930130680
913256832
948653028
934052315
923194614
933932540
925342564
989186892
991724044
988526894
930688592
971248890
931009850
913476581
976073169
931147579
922836906
933790304
989544314
810034882
810059672
